subjID	choice	RT
1	1	1.549
1	1	1.068
1	1	1.117
1	2	0.946
1	1	1.039
1	1	1.063
1	1	1.176
1	1	1.758
1	2	1.344
1	1	1.014
1	1	1.127
1	1	0.779
1	2	1.102
1	1	0.855
1	2	0.833
1	1	1.278
1	1	1.258
1	1	1.13
1	2	1.144
1	2	0.907
1	1	1.096
1	1	0.939
1	1	0.923
1	1	1.227
1	1	1.174
1	2	0.78
1	1	1.115
1	2	1.375
1	2	1.264
1	1	1.249
1	2	0.73
1	1	1.367
1	1	1.489
1	1	1.063
1	1	1.595
1	1	1.521
1	2	0.947
1	1	1.402
1	2	1.833
1	1	0.816
1	1	1.784
1	1	1.94
1	2	0.768
1	1	1.552
1	1	1.196
1	1	0.969
1	1	1.153
1	1	1.037
1	2	1.185
1	1	1.528
1	1	1.625
1	1	1.013
1	1	0.89
1	1	0.743
1	1	0.718
1	1	1.068
1	2	1.726
1	2	1.442
1	2	1.182
1	2	1.087
1	2	1.08
1	2	1.516
1	2	1.324
1	1	0.739
1	2	1.523
1	1	1.105
1	1	0.663
1	1	0.621
1	1	0.667
1	2	0.933
1	1	0.861
1	1	1.012
1	1	1.418
1	2	1.113
1	2	1.334
1	1	0.733
1	2	0.89
1	2	0.85
1	2	1.004
1	2	0.859
1	1	1.924
1	1	1.263
1	2	1.441
1	2	0.841
1	1	1.601
1	1	1.393
1	1	0.755
1	2	1.308
1	2	0.925
1	1	0.794
1	1	0.737
1	1	1.062
1	1	1.381
1	1	1.061
1	1	0.95
1	1	1.064
1	1	1.046
1	2	0.935
1	1	0.975
1	2	1.111
1	2	1.396
1	1	0.816
1	1	0.857
1	2	1.297
1	2	1.17
1	1	0.731
1	1	0.732
1	1	1.372
1	1	0.765
1	1	0.647
1	1	1.222
1	2	0.723
1	2	1.075
1	1	0.759
1	1	0.699
1	2	0.89
1	2	1.045
1	1	1.386
1	1	0.808
1	1	1.13
1	1	1.155
1	2	0.959
1	1	0.779
1	2	1.218
1	2	0.983
1	1	1.361
1	2	0.862
1	2	1.211
1	2	1.061
1	2	1.121
1	1	1.146
1	2	0.97
1	1	1.647
1	2	0.876
1	2	1.034
1	2	1.335
1	1	0.823
1	2	0.958
1	2	1.183
1	2	1.029
2	1	1.162
2	1	0.964
2	1	0.928
2	1	1.96
2	1	1.064
2	1	1.132
2	2	1.12
2	1	0.75
2	1	0.98
2	1	2.003
2	2	1.2
2	1	1.126
2	2	1.042
2	1	0.732
2	2	1.932
2	1	0.737
2	2	0.896
2	1	1.14
2	2	0.831
2	1	1.467
2	2	1.47
2	1	0.984
2	2	1.35
2	1	0.871
2	2	0.781
2	1	1.721
2	2	1.45
2	1	0.826
2	2	0.965
2	1	0.726
2	2	1.487
2	1	0.867
2	2	1.03
2	1	0.969
2	2	1.023
2	1	0.735
2	2	0.828
2	1	1.092
2	2	0.798
2	1	0.787
2	2	1.177
2	1	0.901
2	2	0.788
2	1	0.682
2	2	0.991
2	1	0.926
2	2	1.185
2	1	0.735
2	1	1.184
2	2	1.047
2	1	1.88
2	2	0.927
2	1	1.401
2	2	1.673
2	2	1.936
2	1	1.049
2	1	1.239
2	2	0.794
2	2	1.225
2	2	0.973
2	2	1.476
2	2	1.115
2	1	0.885
2	1	0.833
2	1	0.911
2	2	0.836
2	1	1.216
2	2	1.021
2	1	1.407
2	1	0.747
2	1	0.867
2	1	0.926
2	2	0.865
2	1	0.906
2	2	0.79
2	1	0.841
2	2	1.203
2	1	0.954
2	2	0.906
2	2	0.772
2	1	0.695
2	1	1.087
2	2	0.872
2	2	0.903
2	2	0.929
2	1	1.031
2	2	0.74
2	2	1.113
2	1	0.759
2	2	0.75
2	1	0.991
2	2	0.927
2	1	0.893
2	1	0.972
2	1	0.955
2	1	0.604
2	1	0.758
2	2	0.833
2	2	0.957
2	1	0.723
2	1	0.674
2	2	1.041
2	1	0.872
2	2	0.91
2	2	0.893
2	2	0.731
2	1	1.008
2	2	0.807
2	2	1.511
2	1	0.732
2	1	0.817
2	1	0.618
2	2	0.818
2	2	0.932
2	1	0.864
2	1	0.819
2	2	0.735
2	2	0.945
2	1	0.668
2	1	0.787
2	2	0.921
2	2	0.786
2	2	0.783
2	1	0.75
2	1	0.775
2	2	0.756
2	1	0.685
2	2	0.738
2	1	0.654
2	2	0.964
2	2	0.712
2	2	0.703
2	1	1.086
2	1	0.803
2	2	0.829
2	1	0.769
2	2	0.87
2	2	0.78
2	2	1.057
2	1	0.77
2	1	1.958
3	1	0.794
3	2	1.137
3	2	1.347
3	2	1.498
3	2	1.467
3	2	1.444
3	1	1.648
3	2	1.499
3	2	1.238
3	2	1.348
3	2	1.079
3	2	1.209
3	2	1.841
3	1	1.416
3	2	0.776
3	2	1.626
3	1	1.284
3	1	1.126
3	1	1.576
3	1	1.483
3	1	1.783
3	1	1.385
3	2	0.991
3	1	1.655
3	2	1.296
3	1	1.391
3	2	1.847
3	1	1.51
3	2	1.226
3	2	1.462
3	1	1.182
3	1	1.721
3	1	1.055
3	2	0.995
3	1	1.407
3	2	1.611
3	1	1.204
3	1	1.147
3	1	0.939
3	2	0.924
3	2	1.505
3	1	0.648
3	1	0.845
3	1	0.868
3	2	1.437
3	2	0.886
3	2	0.643
3	1	0.941
3	2	1.174
3	2	0.927
3	2	0.654
3	1	0.925
3	2	0.847
3	1	1.004
3	1	0.852
3	1	0.982
3	2	0.878
3	2	0.844
3	2	0.691
3	1	0.926
3	2	0.665
3	2	0.958
3	2	0.78
3	1	0.815
3	1	0.755
3	1	1.017
3	1	0.755
3	2	0.836
3	2	0.821
3	1	0.824
3	1	1.065
3	1	0.817
3	2	1.246
3	2	1.061
3	1	0.913
3	1	1.359
3	1	1.728
3	1	0.796
3	2	1.116
3	1	0.797
3	1	1.021
3	2	1.03
3	1	1.315
3	1	0.843
3	1	0.795
3	2	0.922
3	1	1.561
3	2	0.589
3	2	1.394
3	2	1.888
3	1	1.81
3	2	1.876
3	2	1.132
3	2	1.039
3	1	1.298
3	2	1.477
3	2	0.846
3	2	1.296
3	1	0.95
3	2	0.954
3	2	1.468
3	2	0.79
3	2	0.783
3	1	1.546
3	1	0.985
3	2	1.375
3	2	0.966
3	1	0.979
3	2	0.775
3	1	1.101
3	1	1.383
3	1	0.937
3	1	1.297
3	1	0.978
3	2	1.033
3	1	1.346
3	2	0.879
3	1	0.979
3	2	1.001
3	1	1.018
3	2	0.748
3	2	0.654
3	2	1.356
3	1	0.861
3	2	1.087
3	1	1.124
3	1	0.943
3	2	0.919
3	1	1.051
3	1	1.5
3	1	0.874
3	1	1.433
3	2	1.245
3	2	1.008
3	2	1.538
3	2	1.235
4	2	1.738
4	1	0.935
4	2	1.493
4	2	1.32
4	1	1.398
4	2	1.251
4	1	1.154
4	1	1.672
4	1	1.21
4	2	1.276
4	2	1.329
4	2	1.782
4	1	1.932
4	2	1.452
4	1	1.634
4	2	1.103
4	1	1.121
4	2	1.377
4	1	0.917
4	1	1.165
4	1	1.56
4	2	1.778
4	2	1.418
4	2	1.428
4	1	0.768
4	2	1.351
4	1	0.841
4	2	1.496
4	1	1.044
4	2	1.017
4	1	1.227
4	2	1.187
4	2	1.048
4	1	1.199
4	2	1.154
4	1	0.75
4	2	1.229
4	2	1.263
4	2	1.766
4	2	1.34
4	2	1.462
4	1	0.819
4	2	1.438
4	2	1.058
4	1	1.158
4	1	1.057
4	1	1.739
4	2	1.159
4	1	1.096
4	2	1.381
4	1	1.499
4	1	1.015
4	1	1.217
4	1	1.05
4	1	1.369
4	1	1.463
4	2	1.444
4	1	1.152
4	1	1.509
4	1	1.102
4	1	1.079
4	2	1.22
4	1	1.248
4	2	1.151
4	2	1.174
4	2	1.223
4	2	1.612
4	2	1.183
4	1	1.753
4	2	1.356
4	1	1.594
4	2	1.341
4	2	1.388
4	2	1.277
4	2	1.194
4	2	1.16
4	1	1.5
4	2	1.652
4	2	1.266
4	2	1.171
4	1	1.493
4	2	0.978
4	2	1.505
4	2	1.533
4	1	1.168
4	2	1.715
4	1	0.99
4	1	1.05
4	1	1.191
4	1	1.279
4	1	1.446
4	1	0.85
4	1	1.474
4	2	1.723
4	1	1.816
4	1	1.439
4	1	1.376
4	1	1.351
4	1	1.423
4	1	1.03
4	1	1.03
4	1	1.163
4	1	0.949
4	2	1.28
4	1	1.137
4	1	0.865
4	1	1.045
4	1	0.881
4	1	1.067
4	2	1.204
4	1	1.018
4	2	1.236
4	1	1.07
4	2	1.399
4	1	0.83
4	1	1.849
4	2	1.601
4	2	1.207
4	1	1.512
4	1	1.209
4	1	1.763
4	2	1.136
4	1	0.892
4	2	1.44
4	1	1.317
4	2	1.304
4	2	1.076
4	2	1.151
4	2	1.021
4	2	1.116
4	1	1.203
4	1	0.667
5	2	0.899
5	1	1.078
5	1	0.887
5	1	1.112
5	2	1.033
5	2	1.27
5	2	0.853
5	1	1.224
5	2	1.239
5	1	1.292
5	1	1.397
5	2	0.81
5	1	1.254
5	2	1.118
5	2	1.566
5	1	0.906
5	1	1.369
5	2	0.914
5	1	0.87
5	2	1.268
5	1	1.152
5	2	0.926
5	1	1.275
5	1	1.148
5	2	1.251
5	1	1.106
5	1	1.314
5	1	1.551
5	1	1.082
5	2	1.062
5	2	1.37
5	2	0.966
5	2	1.238
5	2	1.489
5	2	0.908
5	1	0.916
5	2	0.947
5	1	1.287
5	1	1.175
5	1	1.633
5	2	1.294
5	2	1.439
5	2	0.801
5	1	1.376
5	1	1.387
5	1	0.873
5	2	0.915
5	2	0.995
5	2	0.77
5	1	0.872
5	1	1.047
5	1	0.987
5	1	1.349
5	1	1.055
5	2	1.073
5	2	0.993
5	1	1.322
5	1	0.838
5	1	1.104
5	1	1.037
5	2	0.872
5	2	0.935
5	1	0.887
5	1	1.434
5	1	1.264
5	1	1.271
5	2	1.287
5	2	1.342
5	1	1.596
5	1	1.336
5	2	0.794
5	2	1.382
5	2	0.967
5	1	1.78
5	1	1.506
5	1	1.462
5	2	0.978
5	2	1.377
5	2	1.134
5	1	1.004
5	2	1.036
5	1	1.019
5	2	0.96
5	2	1.17
5	2	1.434
5	1	1.392
5	2	0.878
5	1	1.065
5	1	1.336
5	1	1.194
5	2	1.218
5	2	1.15
5	1	1.06
5	2	1.361
6	1	1.014
6	1	0.958
6	1	1.789
6	2	0.937
6	2	1.056
6	1	1.378
6	1	0.916
6	2	1.085
6	1	0.978
6	2	0.869
6	2	0.922
6	2	0.913
6	1	1.675
6	2	1.833
6	1	0.835
6	1	1.832
6	1	0.742
6	2	1.707
6	1	0.743
6	1	0.798
6	1	1.213
6	1	1.629
6	1	1.831
6	2	0.834
6	1	0.844
6	1	1.096
6	1	1.102
6	2	1.092
6	2	1.646
6	2	1.039
6	2	1.622
6	2	1.002
6	1	0.874
6	2	1.286
6	1	1.055
6	1	0.84
6	1	0.938
6	2	1.181
6	2	1.558
6	2	1.07
6	2	1.475
6	2	1.138
6	1	0.984
6	1	1.5
6	1	0.979
6	1	0.602
6	2	1.202
6	2	1.213
6	2	0.863
6	2	0.828
6	2	0.862
6	1	0.798
6	2	0.899
6	2	0.832
6	1	1.123
6	1	1.287
6	1	0.809
6	2	0.965
6	2	0.971
6	2	0.837
6	1	0.85
6	1	0.708
6	1	0.849
6	2	0.816
6	2	1.162
6	1	0.981
6	1	1.226
6	1	0.876
6	1	1.036
6	1	0.951
6	2	0.886
6	2	1.22
6	2	1.287
6	1	0.755
6	2	0.857
6	2	0.873
6	1	1.047
6	1	0.962
6	2	0.907
6	2	0.852
6	2	0.839
6	1	1.119
6	1	0.791
6	2	1.006
6	2	0.768
6	2	0.92
6	2	0.867
6	2	1.144
6	1	0.681
6	1	0.84
6	1	1.035
6	1	0.667
6	1	1.345
6	2	1.033
6	2	0.692
6	1	0.883
6	1	0.953
6	2	0.77
6	2	1.543
6	2	1.065
6	2	1.633
6	2	0.897
6	2	1.044
6	2	1.165
6	1	0.729
6	1	1.139
6	1	0.647
6	1	0.819
6	1	1.776
6	1	0.98
6	1	0.831
6	1	0.98
6	2	0.866
6	2	1.215
6	2	0.827
6	1	1.216
6	1	0.905
6	2	0.901
6	2	0.868
6	1	1.143
6	2	0.799
6	1	0.851
6	2	0.99
6	1	0.794
6	1	1.329
6	2	0.909
6	2	1.712
6	1	0.732
6	2	1.444
6	2	1.006
6	1	0.767
6	1	0.77
6	1	1.409
6	1	0.705
6	2	1.043
6	2	1.809
6	2	1.061
6	1	1.796
6	1	0.838
6	2	1.268
6	1	0.538
6	2	0.902
6	2	0.969
6	1	1.044
6	1	0.66
6	2	1.486
6	1	1.001
6	1	1.569
6	2	0.798
6	2	0.777
6	1	1.304
6	1	1.022
6	2	1.294
6	1	0.977
6	1	0.825
6	2	1.037
6	2	0.926
6	1	0.845
6	2	0.881
6	1	1.079
6	2	0.986
6	1	1.004
6	2	1.11
6	1	1.275
6	2	1.063
6	1	1.056
6	1	0.882
6	2	1.449
6	2	1.319
6	1	1.485
6	2	0.889
6	2	1.428
6	1	1.46
6	1	1.431
6	2	1.125
6	1	0.834
6	2	0.871
6	2	1.033
6	1	1.748
6	1	1.021
6	2	1.656
6	2	0.91
6	2	1.043
6	1	1.383
6	2	0.973
6	2	1.77
6	1	1.011
6	1	1.139
6	1	1.635
6	2	1.365
6	1	0.911
6	1	1.085
6	2	0.781
6	1	0.953
6	2	1.165
6	1	1.29
6	2	0.963
6	2	1.627
6	1	1.305
6	2	1.252
6	2	1.261
6	2	1.551
6	1	1.587
6	2	0.795
6	1	1.031
6	1	1.097
6	2	1.226
6	2	0.965
6	1	1.293
6	2	1.019
6	1	1.529
6	1	1.162
6	1	1.083
6	1	1.332
6	1	1.078
6	1	1.224
6	1	1.101
6	2	0.881
6	1	1.23
6	1	1.213
6	2	0.903
6	1	1.213
6	2	1.68
6	2	1.331
6	2	1.612
6	2	1.228
6	1	1.085
6	1	1.019
6	1	1.016
6	1	0.774
6	2	1.288
6	1	1.145
6	2	1.17
6	1	1.901
6	2	1.07
6	2	1.045
6	2	1.166
6	1	1.19
6	1	1.442
6	2	0.909
6	1	0.949
6	2	0.99
